1134
1783
2637
3592
3815
3854
6706
8488
8572
9212
9268
11250
11265
12845
13002
13916
13921
14476
14928
15510
15906
16520
17074
17898
17899
18192
18497
18638
18782
20894
21061
21227
21297
21459
23271
23841
23843
24541
24543
26210
26931
28014
28812
33780
34991
35029
38208
38766
38908
39101
42751
43235
43346
44246
44905
45133
45990
46202
46234
46851
46919
47028
47529
47946
48358
48798
50079
50088
53318
53319
54538
57257
58791
58792
61017
62354
62355
62868
62869
63506
63925
64630
64768
66815
68690
70183
71447
71853
72966
73140
74018
74750
74886
75162
76720
76765
78151
78736
79719
81801
82915
84891
86421
88102
88962
88967
91786
91827
92404
93165
94328
94727
98720
99069
101584
102451
105158
105369
105546
105590
106276
106435
106858
107054
107538
108664
109654
110716
112242
112391
113365
114405
116447
116653
116678
117005
117104
117520
118019
118262
